 V0=   2.23983002      dm3
 Vm=   1.88531268      dm3
